{
  "advancedEditorSelectedIdentifier" : "ProjectBrowser",
  "openSceneRelativePaths" : [
    "Immersive.usda",
    "cube.usda",
    "Starfield.usda"
  ],
  "recentIdentifiers" : {
    "7EA4524A-DE1B-4CA9-98D3-FF75874B3B25" : [

    ],
    "7733669C-F799-45EC-B11D-65835551CC45" : [

    ],
    "A7BB94F4-CE54-4F4A-98AD-0EBBD4E148E1" : [

    ]
  },
  "sceneCameraHistory" : {
    "7EA4524A-DE1B-4CA9-98D3-FF75874B3B25" : [
      {
        "date" : 750030204.169622,
        "title" : "Untitled",
        "transform" : [
          -0.25672212,
          -4.99818e-10,
          0.96648526,
          0,
          0.06359701,
          0.9978326,
          0.016892921,
          0,
          -0.9643905,
          0.06580236,
          -0.2561657,
          0,
          -95.68419,
          -23.995945,
          -9.420099,
          1
        ]
      },
      {
        "date" : 747186271.143422,
        "title" : "Untitled",
        "transform" : [
          -0.25672212,
          -4.99818e-10,
          0.96648526,
          0,
          0.06359701,
          0.9978326,
          0.016892921,
          0,
          -0.9643905,
          0.06580236,
          -0.2561657,
          0,
          -0.43247423,
          0.13513508,
          -0.15704794,
          1
        ]
      },
      {
        "date" : 747186263.594691,
        "title" : "Untitled",
        "transform" : [
          -0.25672212,
          -4.99818e-10,
          0.96648526,
          0,
          0.06359701,
          0.9978326,
          0.016892921,
          0,
          -0.9643905,
          0.06580236,
          -0.2561657,
          0,
          -0.4393711,
          0.098766714,
          -0.14042547,
          1
        ]
      },
      {
        "date" : 747186259.741509,
        "title" : "Untitled",
        "transform" : [
          -0.25672212,
          -4.99818e-10,
          0.96648526,
          0,
          0.06359701,
          0.9978326,
          0.016892921,
          0,
          -0.9643905,
          0.06580236,
          -0.2561657,
          0,
          -0.43243766,
          0.15757507,
          -0.1514216,
          1
        ]
      },
      {
        "date" : 747186253.932851,
        "title" : "Untitled",
        "transform" : [
          -0.25672212,
          -4.99818e-10,
          0.96648526,
          0,
          0.06359701,
          0.9978326,
          0.016892921,
          0,
          -0.9643905,
          0.06580236,
          -0.2561657,
          0,
          -0.4508707,
          0.018292546,
          -0.117804386,
          1
        ]
      },
      {
        "date" : 747186251.682454,
        "title" : "Untitled",
        "transform" : [
          -0.25672212,
          -4.99818e-10,
          0.96648526,
          0,
          0.06359701,
          0.9978326,
          0.016892921,
          0,
          -0.9643905,
          0.06580236,
          -0.2561657,
          0,
          -0.43578386,
          0.09257668,
          -0.15552002,
          1
        ]
      },
      {
        "date" : 747186240.085132,
        "title" : "Untitled",
        "transform" : [
          -0.25672212,
          -4.99818e-10,
          0.96648526,
          0,
          0.06359701,
          0.9978326,
          0.016892921,
          0,
          -0.9643905,
          0.06580236,
          -0.2561657,
          0,
          -0.43658194,
          0.095671706,
          -0.15172018,
          1
        ]
      },
      {
        "date" : 747186223.524616,
        "title" : "Untitled",
        "transform" : [
          -0.25672212,
          -4.99818e-10,
          0.96648526,
          0,
          0.06359701,
          0.9978326,
          0.016892921,
          0,
          -0.9643905,
          0.06580236,
          -0.2561657,
          0,
          -0.44661656,
          0.06317227,
          -0.12229099,
          1
        ]
      },
      {
        "date" : 747186219.517872,
        "title" : "Untitled",
        "transform" : [
          -0.4052523,
          3.6022256e-09,
          0.91420496,
          0,
          0.10567417,
          0.99329686,
          0.04684365,
          0,
          -0.9080769,
          0.11559134,
          -0.40253583,
          0,
          -0.41851228,
          0.086247995,
          -0.1892655,
          1
        ]
      },
      {
        "date" : 747186210.694827,
        "title" : "Untitled",
        "transform" : [
          -0.4052523,
          3.6022256e-09,
          0.91420496,
          0,
          0.10567417,
          0.99329686,
          0.04684365,
          0,
          -0.9080769,
          0.11559134,
          -0.40253583,
          0,
          -0.359487,
          0.07873456,
          -0.163101,
          1
        ]
      }
    ],
    "7733669C-F799-45EC-B11D-65835551CC45" : [
      {
        "date" : 744330565.326125,
        "title" : "Untitled",
        "transform" : [
          0.99999994,
          0,
          -0,
          0,
          -0,
          0.8660254,
          -0.49999994,
          0,
          0,
          0.49999994,
          0.8660254,
          0,
          -1.490116e-08,
          0.057490885,
          0.118595466,
          1
        ]
      },
      {
        "date" : 744168482.392573,
        "title" : "Untitled",
        "transform" : [
          0.99999994,
          0,
          -0,
          0,
          -0,
          0.8660254,
          -0.49999994,
          0,
          0,
          0.49999994,
          0.8660254,
          0,
          0,
          0.20130265,
          0.3486665,
          1
        ]
      }
    ],
    "A7BB94F4-CE54-4F4A-98AD-0EBBD4E148E1" : [
      {
        "date" : 750460727.849256,
        "title" : "Untitled",
        "transform" : [
          0.3082683,
          -2.0794399e-08,
          0.9512994,
          0,
          0.60451233,
          0.7721342,
          -0.19589205,
          0,
          -0.73453087,
          0.6354595,
          0.23802455,
          0,
          -168.19147,
          113.921104,
          40.121468,
          1
        ]
      },
      {
        "date" : 750460724.332343,
        "title" : "Untitled",
        "transform" : [
          0.9672443,
          -9.588772e-09,
          0.25384715,
          0,
          0.010803529,
          0.99909395,
          -0.041165166,
          0,
          -0.25361717,
          0.042559166,
          0.9663681,
          0,
          -65.57976,
          -12.806137,
          195.98831,
          1
        ]
      },
      {
        "date" : 750460718.276043,
        "title" : "Untitled",
        "transform" : [
          -0.6567585,
          -9.207115e-09,
          0.754101,
          0,
          0.0625852,
          0.9965502,
          0.054506432,
          0,
          -0.7514995,
          0.08299306,
          -0.6544928,
          0,
          -146.78625,
          -4.4427466,
          -145.98006,
          1
        ]
      },
      {
        "date" : 750460712.057338,
        "title" : "Untitled",
        "transform" : [
          0.9999911,
          2.2226375e-10,
          -0.0042114127,
          0,
          -0.0029779186,
          0.7071069,
          -0.70710045,
          0,
          0.002977919,
          0.7071067,
          0.70710063,
          0,
          -13.004318,
          130.04614,
          160.60825,
          1
        ]
      },
      {
        "date" : 750460705.049862,
        "title" : "Untitled",
        "transform" : [
          0.9999911,
          2.2226375e-10,
          -0.0042114127,
          0,
          -0.0029779186,
          0.7071069,
          -0.70710045,
          0,
          0.002977919,
          0.7071067,
          0.70710063,
          0,
          8.085541,
          122.90969,
          167.65594,
          1
        ]
      },
      {
        "date" : 750141093.820758,
        "title" : "Untitled",
        "transform" : [
          0.9999911,
          2.2226375e-10,
          -0.0042114127,
          0,
          -0.0029779186,
          0.7071069,
          -0.70710045,
          0,
          0.002977919,
          0.7071067,
          0.70710063,
          0,
          2.5592737,
          38.903957,
          53.067253,
          1
        ]
      },
      {
        "date" : 750135617.679452,
        "title" : "Untitled",
        "transform" : [
          0.9999911,
          2.2226375e-10,
          -0.0042114127,
          0,
          -0.0029779186,
          0.7071069,
          -0.70710045,
          0,
          0.002977919,
          0.7071067,
          0.70710063,
          0,
          3.6333094,
          47.659122,
          44.30748,
          1
        ]
      },
      {
        "date" : 750135612.800439,
        "title" : "Untitled",
        "transform" : [
          0.9999911,
          2.2226375e-10,
          -0.0042114127,
          0,
          -0.0029779186,
          0.7071069,
          -0.70710045,
          0,
          0.002977919,
          0.7071067,
          0.70710063,
          0,
          5.180949,
          50.980198,
          40.97986,
          1
        ]
      },
      {
        "date" : 750135609.344089,
        "title" : "Untitled",
        "transform" : [
          0.9999911,
          2.2226375e-10,
          -0.0042114127,
          0,
          -0.0029779186,
          0.7071069,
          -0.70710045,
          0,
          0.002977919,
          0.7071067,
          0.70710063,
          0,
          -1.2243161,
          81.84409,
          53.13654,
          1
        ]
      },
      {
        "date" : 750135141.663505,
        "title" : "Untitled",
        "transform" : [
          0.9999911,
          2.2226375e-10,
          -0.0042114127,
          0,
          -0.0029779186,
          0.7071069,
          -0.70710045,
          0,
          0.002977919,
          0.7071067,
          0.70710063,
          0,
          -0.5056686,
          36.149914,
          33.07875,
          1
        ]
      }
    ],
    "AF09ED6F-1707-48FD-8720-65B998362C09" : [
      {
        "date" : 747016218.666822,
        "title" : "Untitled",
        "transform" : [
          1,
          0,
          0,
          0,
          0,
          0.86602443,
          -0.5000016,
          0,
          0,
          0.5000016,
          0.86602443,
          0,
          0.1883871,
          1.1808722,
          1.4725459,
          1
        ]
      },
      {
        "date" : 746144929.277212,
        "title" : "Untitled",
        "transform" : [
          1,
          0,
          0,
          0,
          0,
          0.86602443,
          -0.5000016,
          0,
          0,
          0.5000016,
          0.86602443,
          0,
          0.2762041,
          1.1514752,
          1.4895183,
          1
        ]
      },
      {
        "date" : 746144922.837325,
        "title" : "Untitled",
        "transform" : [
          1,
          0,
          0,
          0,
          0,
          0.86602443,
          -0.5000016,
          0,
          0,
          0.5000016,
          0.86602443,
          0,
          0.07448218,
          0.9095886,
          1.629172,
          1
        ]
      },
      {
        "date" : 746144915.83684,
        "title" : "Untitled",
        "transform" : [
          1,
          0,
          0,
          0,
          0,
          0.86602443,
          -0.5000016,
          0,
          0,
          0.5000016,
          0.86602443,
          0,
          0.120411664,
          1.470487,
          2.633802,
          1
        ]
      },
      {
        "date" : 744168476.641826,
        "title" : "Untitled",
        "transform" : [
          1,
          0,
          -0,
          0,
          -0,
          0.86602443,
          -0.5000016,
          0,
          0,
          0.5000016,
          0.86602443,
          0,
          0,
          3.699855,
          4.2909975,
          1
        ]
      }
    ],
    "B62FB63B-062D-46F9-8C75-99EB44501282" : [
      {
        "date" : 745308248.658508,
        "title" : "Untitled",
        "transform" : [
          0.99999994,
          0,
          0,
          0,
          0,
          0.8660254,
          -0.49999988,
          0,
          0,
          0.49999988,
          0.8660254,
          0,
          0.019052476,
          0.24058363,
          0.3422254,
          1
        ]
      },
      {
        "date" : 745308247.157667,
        "title" : "Untitled",
        "transform" : [
          0.99999994,
          0,
          -0,
          0,
          -0,
          0.8660254,
          -0.49999988,
          0,
          0,
          0.49999988,
          0.8660254,
          0,
          0,
          0.20833385,
          0.36084482,
          1
        ]
      }
    ],
    "BEB47AD4-6EDD-4CE2-8455-AC684A046578" : [
      {
        "date" : 746144852.297518,
        "title" : "Untitled",
        "transform" : [
          0.9981461,
          -2.2326563e-09,
          0.060861617,
          0,
          0.021642042,
          0.9346405,
          -0.35493484,
          0,
          -0.05688379,
          0.3555941,
          0.93290794,
          0,
          -0.080955744,
          1.6680548,
          1.9268062,
          1
        ]
      },
      {
        "date" : 746144791.837679,
        "title" : "Untitled",
        "transform" : [
          0.9980673,
          -2.2326563e-09,
          0.06214093,
          0,
          0.022096958,
          0.9346405,
          -0.35490683,
          0,
          -0.05807949,
          0.3555941,
          0.93283427,
          0,
          0.006880662,
          0.33660588,
          0.6485497,
          1
        ]
      },
      {
        "date" : 746144774.131694,
        "title" : "Untitled",
        "transform" : [
          0.9980673,
          -2.2326563e-09,
          0.06214093,
          0,
          0.022096958,
          0.9346405,
          -0.35490683,
          0,
          -0.05807949,
          0.3555941,
          0.93283427,
          0,
          0.01288446,
          0.6303151,
          1.2144489,
          1
        ]
      },
      {
        "date" : 746142685.993825,
        "title" : "Untitled",
        "transform" : [
          0.9980673,
          -2.2326563e-09,
          0.06214093,
          0,
          0.022096958,
          0.9346405,
          -0.35490683,
          0,
          -0.05807949,
          0.3555941,
          0.93283427,
          0,
          -0.05345247,
          0.4911495,
          1.2633681,
          1
        ]
      },
      {
        "date" : 746142657.467566,
        "title" : "Untitled",
        "transform" : [
          0.9980673,
          -2.2326563e-09,
          0.06214093,
          0,
          0.022096958,
          0.9346405,
          -0.35490683,
          0,
          -0.05807949,
          0.3555941,
          0.93283427,
          0,
          0.04452773,
          0.5548015,
          1.2452044,
          1
        ]
      },
      {
        "date" : 746142654.670559,
        "title" : "Untitled",
        "transform" : [
          0.9980673,
          -2.2326563e-09,
          0.06214093,
          0,
          0.022096958,
          0.9346405,
          -0.35490683,
          0,
          -0.05807949,
          0.3555941,
          0.93283427,
          0,
          -0.062199168,
          0.770397,
          1.1563749,
          1
        ]
      },
      {
        "date" : 746142510.31308,
        "title" : "Untitled",
        "transform" : [
          0.9980673,
          -2.2326563e-09,
          0.06214093,
          0,
          0.022096958,
          0.9346405,
          -0.35490683,
          0,
          -0.05807949,
          0.3555941,
          0.93283427,
          0,
          -0.051793955,
          0.4685616,
          1.2720819,
          1
        ]
      },
      {
        "date" : 746142508.367316,
        "title" : "Untitled",
        "transform" : [
          0.9980673,
          -2.2326563e-09,
          0.06214093,
          0,
          0.022096958,
          0.9346405,
          -0.35490683,
          0,
          -0.05807949,
          0.3555941,
          0.93283427,
          0,
          -0.064901434,
          0.47061604,
          1.2704828,
          1
        ]
      },
      {
        "date" : 746142498.856851,
        "title" : "Untitled",
        "transform" : [
          0.9980673,
          -2.2326563e-09,
          0.06214093,
          0,
          0.022096958,
          0.9346405,
          -0.35490683,
          0,
          -0.05807949,
          0.3555941,
          0.93283427,
          0,
          -0.042651914,
          0.6697871,
          1.1959447,
          1
        ]
      },
      {
        "date" : 746142480.288502,
        "title" : "Untitled",
        "transform" : [
          0.9980673,
          -2.2326563e-09,
          0.06214093,
          0,
          0.022096958,
          0.9346405,
          -0.35490683,
          0,
          -0.05807949,
          0.3555941,
          0.93283427,
          0,
          -0.075293705,
          1.1058489,
          2.111209,
          1
        ]
      }
    ],
    "D66134B1-3681-4A8E-AFE5-29F257229F3B" : [
      {
        "date" : 746055164.332402,
        "title" : "Untitled",
        "transform" : [
          0.99999994,
          0,
          -0,
          0,
          -0,
          0.8660254,
          -0.49999994,
          0,
          0,
          0.49999994,
          0.8660254,
          0,
          0,
          0.2086941,
          0.3616688,
          1
        ]
      }
    ]
  },
  "selectedSceneRelativePath" : "Starfield.usda"
}